0.44828858947963557
1.3100299699442521
1.4738062717792015
3.620078061460394
1.1317855685873532
1.8787921318732266
8.894589304898744
5.576356227963689
5.690415639462711
3.5803491419066624
5.288439220534815
0.32655423018225715
1.6210622464630284
2.6145918548355693
5.309482176644565
4.991610848540241
6.418362496911784
2.340020044344312
5.23658101078234
2.392646755638179
2.40605183535297
4.525597424398687
3.392061963228799
2.9613990752151222
3.835604860801676
2.4073411123205375
7.339133389829063
5.547440655954355
3.0907324266109
4.335469599606839
4.669440242040549
0.7100118239278099
6.0786725508289585
3.060537950487964
1.024728732493798
2.414246743993187
1.2062511635591122
1.2936313692975703
